sepal length (cm),sepal width (cm),sepal ratio,petal length (cm),petal width (cm),petal ratio,target
5.1,3.5,1.457142857142857,1.4,0.2,6.999999999999999,0
4.9,3.0,1.6333333333333335,1.4,0.2,6.999999999999999,0
4.7,3.2,1.46875,1.3,0.2,6.5,0
4.6,3.1,1.4838709677419353,1.5,0.2,7.5,0
5.0,3.6,1.3888888888888888,1.4,0.2,6.999999999999999,0
5.4,3.9,1.3846153846153848,1.7,0.4,4.25,0
4.6,3.4,1.352941176470588,1.4,0.3,4.666666666666667,0
5.0,3.4,1.4705882352941178,1.5,0.2,7.5,0
4.4,2.9,1.517241379310345,1.4,0.2,6.999999999999999,0
4.9,3.1,1.5806451612903227,1.5,0.1,15.0,0
5.4,3.7,1.4594594594594594,1.5,0.2,7.5,0
4.8,3.4,1.411764705882353,1.6,0.2,8.0,0
4.8,3.0,1.5999999999999999,1.4,0.1,13.999999999999998,0
4.3,3.0,1.4333333333333333,1.1,0.1,11.0,0
5.8,4.0,1.45,1.2,0.2,5.999999999999999,0
5.7,4.4,1.2954545454545454,1.5,0.4,3.75,0
5.4,3.9,1.3846153846153848,1.3,0.4,3.25,0
5.1,3.5,1.457142857142857,1.4,0.3,4.666666666666667,0
5.7,3.8,1.5000000000000002,1.7,0.3,5.666666666666667,0
5.1,3.8,1.3421052631578947,1.5,0.3,5.0,0
5.4,3.4,1.5882352941176472,1.7,0.2,8.5,0
5.1,3.7,1.3783783783783783,1.5,0.4,3.75,0
4.6,3.6,1.2777777777777777,1.0,0.2,5.0,0
5.1,3.3,1.5454545454545454,1.7,0.5,3.4,0
4.8,3.4,1.411764705882353,1.9,0.2,9.499999999999998,0
5.0,3.0,1.6666666666666667,1.6,0.2,8.0,0
5.0,3.4,1.4705882352941178,1.6,0.4,4.0,0
5.2,3.5,1.4857142857142858,1.5,0.2,7.5,0
5.2,3.4,1.5294117647058825,1.4,0.2,6.999999999999999,0
4.7,3.2,1.46875,1.6,0.2,8.0,0
4.8,3.1,1.5483870967741935,1.6,0.2,8.0,0
5.4,3.4,1.5882352941176472,1.5,0.4,3.75,0
5.2,4.1,1.2682926829268295,1.5,0.1,15.0,0
5.5,4.2,1.3095238095238095,1.4,0.2,6.999999999999999,0
4.9,3.1,1.5806451612903227,1.5,0.2,7.5,0
5.0,3.2,1.5625,1.2,0.2,5.999999999999999,0
5.5,3.5,1.5714285714285714,1.3,0.2,6.5,0
4.9,3.6,1.3611111111111112,1.4,0.1,13.999999999999998,0
4.4,3.0,1.4666666666666668,1.3,0.2,6.5,0
5.1,3.4,1.5,1.5,0.2,7.5,0
5.0,3.5,1.4285714285714286,1.3,0.3,4.333333333333334,0
4.5,2.3,1.956521739130435,1.3,0.3,4.333333333333334,0
4.4,3.2,1.375,1.3,0.2,6.5,0
5.0,3.5,1.4285714285714286,1.6,0.6,2.666666666666667,0
5.1,3.8,1.3421052631578947,1.9,0.4,4.749999999999999,0
4.8,3.0,1.5999999999999999,1.4,0.3,4.666666666666667,0
5.1,3.8,1.3421052631578947,1.6,0.2,8.0,0
4.6,3.2,1.4374999999999998,1.4,0.2,6.999999999999999,0
5.3,3.7,1.4324324324324322,1.5,0.2,7.5,0
5.0,3.3,1.5151515151515151,1.4,0.2,6.999999999999999,0
7.0,3.2,2.1875,4.7,1.4,3.3571428571428577,1
6.4,3.2,2.0,4.5,1.5,3.0,1
6.9,3.1,2.2258064516129035,4.9,1.5,3.266666666666667,1
5.5,2.3,2.3913043478260874,4.0,1.3,3.0769230769230766,1
6.5,2.8,2.3214285714285716,4.6,1.5,3.0666666666666664,1
5.7,2.8,2.035714285714286,4.5,1.3,3.4615384615384612,1
6.3,3.3,1.9090909090909092,4.7,1.6,2.9375,1
4.9,2.4,2.041666666666667,3.3,1.0,3.3,1
6.6,2.9,2.2758620689655173,4.6,1.3,3.538461538461538,1
5.2,2.7,1.9259259259259258,3.9,1.4,2.785714285714286,1
5.0,2.0,2.5,3.5,1.0,3.5,1
5.9,3.0,1.9666666666666668,4.2,1.5,2.8000000000000003,1
6.0,2.2,2.727272727272727,4.0,1.0,4.0,1
6.1,2.9,2.103448275862069,4.7,1.4,3.3571428571428577,1
5.6,2.9,1.9310344827586206,3.6,1.3,2.769230769230769,1
6.7,3.1,2.161290322580645,4.4,1.4,3.1428571428571432,1
5.6,3.0,1.8666666666666665,4.5,1.5,3.0,1
5.8,2.7,2.148148148148148,4.1,1.0,4.1,1
6.2,2.2,2.818181818181818,4.5,1.5,3.0,1
5.6,2.5,2.2399999999999998,3.9,1.1,3.545454545454545,1
5.9,3.2,1.84375,4.8,1.8,2.6666666666666665,1
6.1,2.8,2.1785714285714284,4.0,1.3,3.0769230769230766,1
6.3,2.5,2.52,4.9,1.5,3.266666666666667,1
6.1,2.8,2.1785714285714284,4.7,1.2,3.916666666666667,1
6.4,2.9,2.206896551724138,4.3,1.3,3.3076923076923075,1
6.6,3.0,2.1999999999999997,4.4,1.4,3.1428571428571432,1
6.8,2.8,2.428571428571429,4.8,1.4,3.428571428571429,1
6.7,3.0,2.2333333333333334,5.0,1.7,2.9411764705882355,1
6.0,2.9,2.0689655172413794,4.5,1.5,3.0,1
5.7,2.6,2.1923076923076925,3.5,1.0,3.5,1
5.5,2.4,2.291666666666667,3.8,1.1,3.454545454545454,1
5.5,2.4,2.291666666666667,3.7,1.0,3.7,1
5.8,2.7,2.148148148148148,3.9,1.2,3.25,1
6.0,2.7,2.222222222222222,5.1,1.6,3.1874999999999996,1
5.4,3.0,1.8,4.5,1.5,3.0,1
6.0,3.4,1.7647058823529411,4.5,1.6,2.8125,1
6.7,3.1,2.161290322580645,4.7,1.5,3.1333333333333333,1
6.3,2.3,2.739130434782609,4.4,1.3,3.3846153846153846,1
5.6,3.0,1.8666666666666665,4.1,1.3,3.1538461538461533,1
5.5,2.5,2.2,4.0,1.3,3.0769230769230766,1
5.5,2.6,2.1153846153846154,4.4,1.2,3.666666666666667,1
6.1,3.0,2.033333333333333,4.6,1.4,3.2857142857142856,1
5.8,2.6,2.230769230769231,4.0,1.2,3.3333333333333335,1
5.0,2.3,2.173913043478261,3.3,1.0,3.3,1
5.6,2.7,2.074074074074074,4.2,1.3,3.230769230769231,1
5.7,3.0,1.9000000000000001,4.2,1.2,3.5000000000000004,1
5.7,2.9,1.9655172413793105,4.2,1.3,3.230769230769231,1
6.2,2.9,2.137931034482759,4.3,1.3,3.3076923076923075,1
5.1,2.5,2.04,3.0,1.1,2.727272727272727,1
5.7,2.8,2.035714285714286,4.1,1.3,3.1538461538461533,1
6.3,3.3,1.9090909090909092,6.0,2.5,2.4,2
5.8,2.7,2.148148148148148,5.1,1.9,2.6842105263157894,2
7.1,3.0,2.3666666666666667,5.9,2.1,2.8095238095238098,2
6.3,2.9,2.1724137931034484,5.6,1.8,3.1111111111111107,2
6.5,3.0,2.1666666666666665,5.8,2.2,2.6363636363636362,2
7.6,3.0,2.533333333333333,6.6,2.1,3.1428571428571423,2
4.9,2.5,1.9600000000000002,4.5,1.7,2.6470588235294117,2
7.3,2.9,2.5172413793103448,6.3,1.8,3.5,2
6.7,2.5,2.68,5.8,1.8,3.222222222222222,2
7.2,3.6,2.0,6.1,2.5,2.44,2
6.5,3.2,2.03125,5.1,2.0,2.55,2
6.4,2.7,2.3703703703703702,5.3,1.9,2.7894736842105265,2
6.8,3.0,2.2666666666666666,5.5,2.1,2.619047619047619,2
5.7,2.5,2.2800000000000002,5.0,2.0,2.5,2
5.8,2.8,2.0714285714285716,5.1,2.4,2.125,2
6.4,3.2,2.0,5.3,2.3,2.3043478260869565,2
6.5,3.0,2.1666666666666665,5.5,1.8,3.0555555555555554,2
7.7,3.8,2.0263157894736845,6.7,2.2,3.0454545454545454,2
7.7,2.6,2.9615384615384617,6.9,2.3,3.0000000000000004,2
6.0,2.2,2.727272727272727,5.0,1.5,3.3333333333333335,2
6.9,3.2,2.15625,5.7,2.3,2.4782608695652177,2
5.6,2.8,2.0,4.9,2.0,2.45,2
7.7,2.8,2.7500000000000004,6.7,2.0,3.35,2
6.3,2.7,2.333333333333333,4.9,1.8,2.7222222222222223,2
6.7,3.3,2.0303030303030303,5.7,2.1,2.7142857142857144,2
7.2,3.2,2.25,6.0,1.8,3.333333333333333,2
6.2,2.8,2.2142857142857144,4.8,1.8,2.6666666666666665,2
6.1,3.0,2.033333333333333,4.9,1.8,2.7222222222222223,2
6.4,2.8,2.285714285714286,5.6,2.1,2.6666666666666665,2
7.2,3.0,2.4,5.8,1.6,3.6249999999999996,2
7.4,2.8,2.6428571428571432,6.1,1.9,3.2105263157894735,2
7.9,3.8,2.0789473684210527,6.4,2.0,3.2,2
6.4,2.8,2.285714285714286,5.6,2.2,2.545454545454545,2
6.3,2.8,2.25,5.1,1.5,3.4,2
6.1,2.6,2.346153846153846,5.6,1.4,4.0,2
7.7,3.0,2.566666666666667,6.1,2.3,2.6521739130434785,2
6.3,3.4,1.8529411764705883,5.6,2.4,2.3333333333333335,2
6.4,3.1,2.064516129032258,5.5,1.8,3.0555555555555554,2
6.0,3.0,2.0,4.8,1.8,2.6666666666666665,2
6.9,3.1,2.2258064516129035,5.4,2.1,2.5714285714285716,2
6.7,3.1,2.161290322580645,5.6,2.4,2.3333333333333335,2
6.9,3.1,2.2258064516129035,5.1,2.3,2.217391304347826,2
5.8,2.7,2.148148148148148,5.1,1.9,2.6842105263157894,2
6.8,3.2,2.125,5.9,2.3,2.565217391304348,2
6.7,3.3,2.0303030303030303,5.7,2.5,2.2800000000000002,2
6.7,3.0,2.2333333333333334,5.2,2.3,2.2608695652173916,2
6.3,2.5,2.52,5.0,1.9,2.6315789473684212,2
6.5,3.0,2.1666666666666665,5.2,2.0,2.6,2
6.2,3.4,1.823529411764706,5.4,2.3,2.347826086956522,2
5.9,3.0,1.9666666666666668,5.1,1.8,2.833333333333333,2
